RegionName,CountryName,State,City,WarehouseName,CategoryName,ProductName,ProductStandardCost,ProductListPrice,CustomerCreditLimit,Status,OrderDate,OrderItemQuantity,PerUnitPrice,TotalItemQuantity
4,5,7,6,6,0,166,0.07728287716179327,0.12482162368261049,0.23906431539082826,1,37,1.1392746824249447,0.015217421772812465,0.004528277827168225
4,5,7,6,6,0,130,-0.11404115327279701,-0.0344244817204498,-0.8701844510333544,0,31,-0.30098484902041867,0.08608248418753402,-0.0400121598171084
2,1,6,8,8,1,192,-0.3573451794589824,-0.3625393596426577,-0.5439348138497713,0,50,-0.35977095234471923,-1.0946711857665565,1.0883455938378994
1,0,5,7,7,3,222,-0.15352293375942072,-0.11348621217354153,1.9355624287454605,0,53,-0.2715917973582684,0.5112728586758634,0.4499326542699345
3,4,2,2,2,3,90,-0.4117479420093792,-0.4387594668018439,-1.0006843059067878,2,13,0.2868761842225868,2.4317160501148174,0.8211029679722398
2,5,1,5,4,0,131,-0.29526643940661346,-0.31475807384298776,-0.5439348138497713,1,7,-0.2715917973582684,-1.1216140824966336,-1.777089227943897
1,0,5,7,7,3,1,-0.4134718337700649,-0.4404174568636298,-0.8701844510333544,1,32,-1.3297416571956782,-0.735952239823236,0.4499326542699345
3,4,2,2,2,2,172,-0.23613928159855366,-0.22665193983759238,-1.1964340882169375,2,33,1.4038121473842973,-1.10729933988886,-0.42602928606750584
2,5,4,4,3,4,62,-0.2837885816972911,-0.2806405235797525,0.9568135171947112,2,37,-1.2709555538713777,-0.17753554799523016,-1.6880083526553438
2,5,4,4,3,4,23,-0.24012053973235348,-0.2490167349353342,0.23906431539082826,2,1,0.25748313256043653,1.503383732481965,-1.717701977751528
1,0,5,7,7,1,194,-0.3701089672384379,-0.38861543222202666,-1.0006843059067878,0,21,0.8747372174655923,-1.02301243465279,-0.09939941000947725
0,2,0,0,0,0,169,-0.06453750473959222,-0.05565759695313065,-0.2829351041029048,2,33,-1.3591347088578285,-1.1653945180564487,1.058651968741715
2,5,4,4,3,4,60,-0.3008947130469063,-0.2847538749455729,1.9355624287454605,1,69,-1.623672173817181,-0.8096519047345464,-1.6434679150110671
2,1,6,8,8,1,11,-0.36974788180207807,-0.38409548928792087,-0.3481850315396214,2,71,-1.5942791221550308,-0.15202412552593042,-0.3517952233270448
2,1,6,8,8,1,31,-0.3102456610568961,-0.3226549856359082,-1.0006843059067878,1,63,1.4038121473842973,-0.27107743038266263,-0.09939941000947725
0,2,0,0,0,2,182,0.4629687148633172,0.485109188866422,1.0220634446314278,1,1,1.168667734087095,-0.3888551641159299,0.5093199044623034
0,3,3,1,1,1,66,-0.36770017794039866,-0.3881636638128207,0.108564460517395,0,64,-0.18341264237181756,0.1568058164774261,2.0830820345600776
0,3,3,1,1,4,64,0.11657596138812577,0.18016325381034248,-0.3481850315396214,2,14,-0.5361292623176208,0.6799317072229006,1.7119117208577723
1,0,5,7,7,3,221,-0.4017773247989267,-0.4286195248572158,0.9568135171947112,0,4,-1.300348605533528,-0.6225681399596815,-0.06970578491329282
2,5,1,5,4,4,7,0.15625109730196154,0.22509162210587677,-0.41343495897633803,0,48,1.1980607857492453,-1.050749020081912,-1.3316848515011306
1,0,5,7,7,3,265,-0.40537420166176286,-0.4320055290842145,-0.41343495897633803,2,36,-0.9476319855877247,-0.7503236744809415,0.3756985915294735
2,5,4,4,3,4,272,-0.2976332962023657,-0.2806405235797525,1.0220634446314278,1,35,1.4625982507085977,-0.22855839293382968,-1.6731615401072515
4,5,7,6,6,0,125,-0.03277829342414838,-0.022068615728666356,-1.0006843059067878,2,60,1.7565287673301004,-0.7076062148573474,0.004528277827168225
2,5,1,5,4,0,128,-0.3239878738897138,-0.3190408383622604,-0.5439348138497713,2,69,0.8453441658034421,-0.11233969057368634,-1.7473956028477124
2,5,8,3,5,3,72,-0.2859317984808463,-0.29103119699148994,-1.2616840156536542,2,5,-0.21280569403396785,0.65263448518075,-0.1587866602018461
4,5,7,6,6,0,163,-0.007525608713563008,0.06044462537075898,1.0220634446314278,2,18,1.4332051990464476,-1.1115370706212602,0.3756985915294735
4,5,7,6,6,0,153,-0.1031596689293335,-0.03557875000597104,-0.8701844510333544,1,27,-0.41855705566901974,-0.309401256136544,-0.0400121598171084
2,5,8,3,5,3,50,-0.2590856786833568,-0.270475734372618,1.0220634446314278,2,3,-0.33037790068256895,-0.7644399949139541,-0.0400121598171084
0,2,0,0,0,3,264,1.2372430512580064,1.1568120127261425,-1.2616840156536542,2,49,-0.21280569403396785,-0.32640887111607714,1.340741407155467
0,2,0,0,0,3,231,1.2372430512580064,1.1568120127261425,0.108564460517395,2,73,1.0804885791006442,0.5183451919048526,1.3258945946073748
2,5,4,4,3,3,51,-0.22017697572798806,-0.18938330492014543,-0.06630534501300557,1,21,-0.5655223139797712,-0.020229282447031243,-0.2033270978461227
0,3,3,1,1,4,18,-0.1340942076998006,-0.06853299661550094,0.5653139525744114,0,32,1.6095635090193492,0.5112728586758634,-0.5299569739041513
3,4,2,2,2,2,179,0.14265098906022744,0.1406357768468657,-1.0006843059067878,1,51,-0.5361292623176208,-0.14068571553957496,0.910183843260793
0,3,3,1,1,4,211,-0.12678397480110898,-0.05475631897676472,-1.0659342333435042,1,32,1.4625982507085977,0.9364632331641927,-0.5299569739041513
3,4,2,2,2,2,21,-0.2067865299976887,-0.18350805675842172,0.9568135171947112,2,71,-1.1239902955606262,2.1795781580432387,0.9992647185493463
2,5,1,5,4,0,127,-0.3058031453979398,-0.3100054701781409,-0.5439348138497713,0,7,0.022338719263234358,-0.25405564239064654,-1.791936040491989
2,5,1,5,4,4,215,-0.0490248084768811,0.0028712593015494895,-0.3481850315396214,1,40,-0.41855705566901974,-0.6934332023744031,-1.3168380389530385
3,4,2,2,2,3,171,-0.41157322324985024,-0.4387865729063963,1.0873133720681445,0,7,0.9335233207898929,0.8400867482801714,0.8953370307127008
3,4,2,2,2,2,74,2.5078770763902427,2.832046074691465,0.23906431539082826,1,47,1.7565287673301004,0.5112728586758634,-0.39633566097132145
3,4,2,2,2,3,262,-0.4187250444732356,-0.4484724875997724,0.23906431539082826,2,46,-0.41855705566901974,-0.6262106041677982,0.8804902181646086
2,5,8,3,5,3,69,-0.274658944116038,-0.2930641548329168,-1.1964340882169375,0,73,0.25748313256043653,1.6585357001327568,0.16784321585618253
2,5,4,4,3,4,191,-0.26698529619752615,-0.2806405235797525,0.9568135171947112,2,19,0.9923094241141934,2.1795781580432387,-1.6880083526553438
4,5,7,6,6,0,152,-0.024624751312797007,-0.023132530332346437,-0.935434378470071,2,61,1.6389565606814995,1.6449721271865787,0.019375090375260435
0,2,0,0,0,3,225,1.2372430512580064,1.1568120127261425,1.4135630092517275,1,0,0.25748313256043653,-1.1148535555422694,1.3258945946073748
4,5,7,6,6,0,112,-0.07759714961851673,-0.06731999843678292,-0.5439348138497713,1,32,0.6395928041683901,-1.0946711857665565,0.18269002840427473
2,5,8,3,5,3,69,-0.30324759234189624,-0.307520743927508,-1.0659342333435042,1,53,0.25748313256043653,1.3049615577207447,-0.26271434803849153
0,2,0,0,0,3,89,1.2372430512580064,1.1568120127261425,0.8263136623212779,1,59,-0.036447384061066186,-0.04147462815896478,1.340741407155467
0,2,0,0,0,0,130,-0.11404115327279701,-0.0344244817204498,-1.1311841607802209,2,27,0.08112482258753491,-0.9957435586356054,1.0289583436455307
2,5,8,3,5,3,170,-0.29255247467526363,-0.3006561229496232,-1.1964340882169375,1,14,0.9335233207898929,-0.7787547375217277,0.36085177898138127
1,0,5,7,7,3,227,-0.37344027158679005,-0.399453356358878,-0.41343495897633803,2,55,1.2862399407356961,4.676735400425679,-0.2033270978461227
3,4,2,2,2,2,256,0.5677999705806921,0.5641686604774677,0.3043142428275449,2,5,1.5801704573571989,-0.07010411337451235,0.21238365350045915
2,5,8,3,5,3,170,-0.2707382551522081,-0.2847877575762633,1.9355624287454605,0,40,0.22809008089828628,0.14206588349516405,0.019375090375260435
1,0,5,7,7,3,225,1.2372430512580064,1.1568120127261425,-0.5439348138497713,1,38,-0.8888458822634241,-0.4988235679710948,-0.1587866602018461
2,5,8,3,5,3,170,-0.3123679115893079,-0.30865016495052294,-1.0659342333435042,1,68,-1.1533833472227766,1.4252904337009422,-0.23302072294230713
2,5,4,4,3,4,188,-0.292964810947752,-0.2851582076718122,1.9355624287454605,2,27,-1.4767069155064296,3.3359259005016986,-1.6286211024629749
2,1,6,8,8,1,247,-0.3325281268554892,-0.3520809209695394,-0.5439348138497713,2,24,-0.6537014689662219,1.2936231477343894,0.6874816550394098
1,0,5,7,7,1,66,-0.36770017794039866,-0.3881636638128207,-1.0659342333435042,1,47,1.5801704573571989,0.7790010644786816,-0.12909303510566167
1,0,5,7,7,3,239,1.2372430512580064,1.1568120127261425,1.9355624287454605,1,51,-0.5655223139797712,0.8655839977369882,-0.44087609861559807
2,1,6,8,8,1,28,-0.35831195659504267,-0.3823200394397414,-1.0006843059067878,1,67,1.6095635090193492,0.332692901390765,-0.3814888484232292
3,4,2,2,2,2,255,0.33484162454208133,0.3540963501966891,0.23906431539082826,1,39,-0.18341264237181756,-0.7463268849607514,-0.3369484107789526
4,5,7,6,6,0,115,-0.17235761603664243,-0.18125147355443785,-0.8701844510333544,2,58,0.7865580624791415,-0.5233570525790714,0.5390135295584878
2,5,8,3,5,3,55,-0.2815568407422412,-0.27182878075818995,1.0873133720681445,0,64,-1.300348605533528,-0.15202412552593042,-0.025165347269016192
3,4,2,2,2,2,95,-0.057693188532977814,-0.04797753399662906,1.0873133720681445,2,52,-0.2715917973582684,1.3701290691173227,-0.5299569739041513
2,5,8,3,5,3,72,-0.2871082381283413,-0.2930641548329168,-1.1964340882169375,0,0,0.6689858558305404,2.63722473111751,0.15299640330809033
2,1,6,8,8,1,250,-0.34823650812887275,-0.3574411531447683,-0.5439348138497713,1,15,-0.06584043572321646,-0.25405564239064654,0.7617157177798709
3,4,2,2,2,3,234,-0.3983668146129214,-0.4203340922323782,1.0873133720681445,2,7,1.2274538374113957,-0.2739120328792515,0.8953370307127008
2,5,1,5,4,0,129,-0.2990496829462805,-0.3059395544952871,-0.5439348138497713,2,22,1.7859218189922508,0.674262502229723,-1.791936040491989
2,5,4,4,3,4,273,-0.2871338635464055,-0.2806405235797525,1.0220634446314278,0,1,-1.300348605533528,-0.7076062148573474,-1.6731615401072515
2,5,8,3,5,3,69,-0.28193889242974457,-0.2984853757433885,-1.1964340882169375,2,25,-0.18341264237181756,-0.19029125922988005,0.6132475922989489
0,3,3,1,1,1,76,-0.37152768356581306,-0.38341557783206587,-0.935434378470071,2,21,-1.53549301883073,3.3139152121156865,1.5189031577325736
4,5,7,6,6,0,164,0.06730993036788037,0.08463682368373905,-1.0006843059067878,0,1,1.1098816307627946,-0.25406981540312945,0.03422190292335264
0,2,0,0,0,0,153,-0.1031596689293335,-0.03557875000597104,-0.3481850315396214,1,4,-0.18341264237181756,1.8105554320248172,1.0438051561936228
3,4,2,2,2,3,263,-0.419330736172936,-0.4487977608544007,-0.5439348138497713,0,43,-0.06584043572321646,-0.309401256136544,0.8211029679722398
2,5,8,3,5,3,69,-0.2817478665859929,-0.289224123354666,-1.2616840156536542,1,21,-1.0945972438984761,1.4252904337009422,-0.1884802852980305
4,5,7,6,6,0,158,0.017629233491686186,0.02582335333125905,-1.0006843059067878,2,45,-0.9182389339255744,-0.4105398732148346,0.4053922166256579
2,1,6,8,8,1,46,-0.3448096908586448,-0.34614694291461895,-0.8701844510333544,1,29,1.3156329923978465,-0.19029125922988005,0.1233027782119059
2,5,4,4,3,4,184,-0.25554005265664914,-0.27199593506959613,0.23906431539082826,1,17,1.2862399407356961,-0.13836134149237211,-1.717701977751528
2,5,1,5,4,4,63,-0.1128973277937474,-0.04572095079264521,-0.7951470344811303,2,47,0.3456622875468874,1.6449721271865787,-1.435612539337776
0,2,0,0,0,2,181,0.3697853764478729,0.3830095283858716,1.9355624287454605,0,3,-0.9182389339255744,0.9363215030393633,0.8062561554241475
0,3,3,1,1,4,271,-0.25865470574318533,-0.2603109451654836,0.6305638800111281,2,58,1.9916731806273027,-0.024467013179431608,-0.42602928606750584
0,3,3,1,1,1,202,-0.3727250894644515,-0.38838954801742365,0.8263136623212779,0,64,-0.007054332398915915,0.24265175308661988,1.414975469895928
2,1,6,8,8,1,16,-0.36069046130809684,-0.37235176949061155,1.9355624287454605,1,22,-0.007054332398915915,-1.0633488281792496,-0.41118247351941367
3,4,2,2,2,2,174,-0.24522465709405947,-0.23772026586313877,0.23906431539082826,1,7,-0.7712736756148231,-0.509184040096127,0.8953370307127008
2,5,8,3,5,3,50,-0.29702760450266535,-0.30322894404005124,-1.1964340882169375,0,11,-1.3885277605199788,2.74350815172711,0.6726348424913177
0,2,0,0,0,3,224,1.2372430512580064,1.1568120127261425,-1.1311841607802209,2,49,-0.5361292623176208,-0.22855839293382968,1.340741407155467
2,5,4,4,3,4,208,-0.23612763368125173,-0.23774511312564514,0.17381438795411164,2,0,-0.8300597789391236,-0.7217792273402918,-1.7325487902996204
0,3,3,1,1,1,194,-0.3701089672384379,-0.38861543222202666,1.6093127915618775,2,34,0.46323449419548846,-0.04147462815896478,1.4298222824440203
2,5,8,3,5,3,69,-0.30165182767153176,-0.29713007051577056,-1.1964340882169375,2,44,-0.41855705566901974,-1.1653945180564487,0.55386034210658
2,5,8,3,5,3,72,-0.2905606808166335,-0.28696528130863613,-1.2616840156536542,2,47,1.3156329923978465,-0.18178745174011346,-0.2181739103942149
1,0,5,7,7,1,40,-0.3621464509708382,-0.3874814935149197,-0.935434378470071,0,40,1.3156329923978465,1.503383732481965,-0.12909303510566167
2,5,4,4,3,4,33,-0.26010137707208514,-0.2569249409384848,0.23906431539082826,2,3,1.6683496123436496,0.04921847871939588,-1.509846602078237
2,5,1,5,4,0,106,-0.31008957896505024,-0.326946785523365,-0.41343495897633803,1,67,-0.4773431589933203,1.6449721271865787,-1.717701977751528
2,5,4,4,3,3,72,-0.1512282940509404,-0.1288463380865447,1.9355624287454605,0,28,-1.2415625022092274,-0.19876672069468077,-1.5543870397225137
2,5,4,4,3,4,37,-0.2612684983857386,-0.26482862925754336,0.23906431539082826,1,64,0.22809008089828628,-1.0705912375580342,-1.7622424153958047
2,5,8,3,5,3,72,-0.2925617930091052,-0.28086640778435545,1.9355624287454605,2,33,0.9041302691277426,-0.16619713800887473,0.004528277827168225
0,2,0,0,0,0,157,-0.020692414431665283,0.009101145664499927,1.8703125013087438,2,23,-1.4767069155064296,0.3071814789214653,0.7765625303279631
2,5,4,4,3,4,214,-0.2533781992054108,-0.2648512176780037,0.23906431539082826,1,44,-0.4773431589933203,-0.0769213323788085,-1.7473956028477124
1,0,5,7,7,3,238,-0.411107306557773,-0.43720086579008327,0.9568135171947112,2,0,-1.2121694505470773,2.3561738935807246,-0.06970578491329282
2,5,1,5,4,0,120,-0.32914324208754825,-0.3247105318977954,-0.41343495897633803,2,51,-1.1239902955606262,0.0747582472136615,-1.7325487902996204
4,5,7,6,6,0,136,-0.1367615807619427,-0.0663057783581155,-0.5439348138497713,2,36,0.6395928041683901,-0.765729739049902,0.18269002840427473
4,5,7,6,6,0,141,-0.20210173765885223,-0.20383989401473665,-1.2616840156536542,0,58,-0.8594528306012739,-0.7217792273402918,0.9398774683569774
2,5,8,3,5,3,50,-0.2801940344179153,-0.28289936562578233,-0.3481850315396214,1,28,-0.8006667272769733,0.9363215030393633,0.004528277827168225
2,5,4,4,3,3,50,-0.1772078088011663,-0.12478042240369093,1.9355624287454605,2,33,-0.5655223139797712,-0.9770493551706018,-1.569233852270606
2,1,6,8,8,1,47,-0.3048293795114984,-0.3254559497729852,-1.0006843059067878,0,63,-1.2415625022092274,-0.6296546462011537,-0.08455259746138503
2,5,1,5,4,0,126,-0.30731271548027,-0.3192757579350475,-0.41343495897633803,0,52,-1.3591347088578285,-0.19459985502469507,-1.7325487902996204
2,1,6,8,8,1,45,-0.35394631719027914,-0.3612811846230191,-0.5439348138497713,0,12,-0.41855705566901974,-0.7644399949139541,1.2071200942226372
0,2,0,0,0,0,158,0.017629233491686186,0.02582335333125905,-0.08718532179275489,2,1,1.2862399407356961,-0.3888551641159299,0.7468689052317787
2,1,6,8,8,1,76,-0.37152768356581306,-0.38341557783206587,1.0873133720681445,2,72,-0.8888458822634241,-0.7869892577743185,-0.366642035875137
0,2,0,0,0,2,94,-0.3062597437561755,-0.33981992634368924,-1.2616840156536542,2,59,-0.8300597789391236,1.2936231477343894,0.8062561554241475
2,1,6,8,8,1,42,-0.34484230502709023,-0.35285344494928167,-0.5439348138497713,0,20,-1.0945972438984761,-0.44398818267458323,0.7617157177798709
2,5,4,4,3,3,69,-0.15673077018437243,-0.15437125320668232,1.9355624287454605,1,47,0.8159511141412917,0.015217421772812465,-1.5246934146263293
2,5,8,3,5,3,51,-0.28027789942248926,-0.28628762869482716,-1.2616840156536542,2,47,-1.6530652254793312,0.5807347928547734,0.019375090375260435
0,3,3,1,1,1,117,-0.37109438104218123,-0.3868512765840773,1.6745627189985939,2,3,-0.33037790068256895,-0.560589556371766,1.3555882197035594
2,5,1,5,4,4,6,-0.20412614568592777,-0.17707035692723655,0.17381438795411164,1,21,-0.8300597789391236,-0.27107743038266263,-1.4059189142415918
0,2,0,0,0,0,124,-0.0682112578566211,-0.05656339261358862,1.0220634446314278,0,28,-0.44795010733117,-0.15202412552593042,1.0734987812898074
0,2,0,0,0,3,119,1.2372430512580064,1.1568120127261425,1.9355624287454605,1,39,-1.1533833472227766,-0.13361338231058573,0.910183843260793
0,2,0,0,0,0,136,-0.1367615807619427,-0.0663057783581155,-0.021935394356038255,1,40,-0.12462653904751701,-0.509184040096127,1.0883455938378994
0,2,0,0,0,3,239,1.2372430512580064,1.1568120127261425,-1.1964340882169375,1,48,-0.15401959070966728,1.7056326206135808,1.340741407155467
0,2,0,0,0,0,105,-0.07366714232084534,-0.04437016324911934,1.7398126464353105,0,60,0.49262754585763874,-0.2767324623633574,1.058651968741715
3,4,2,2,2,2,22,0.13659407206322355,0.11217436706688926,-1.0659342333435042,0,28,-1.53549301883073,-0.8096519047345464,-0.41118247351941367
2,1,6,8,8,1,196,-0.3255952864773802,-0.32816656022822105,-0.935434378470071,1,38,0.198697029236136,-1.1044505643797882,0.019375090375260435
2,1,6,8,8,1,248,-0.35440291554851483,-0.36308825825984303,-0.5439348138497713,0,23,-0.7124875722905225,-0.2739120328792515,1.0883455938378994
3,4,2,2,2,3,267,-0.4022688669090681,-0.42746525657169454,1.0220634446314278,2,22,-0.2715917973582684,-0.2739120328792515,0.8804902181646086
2,1,6,8,8,1,86,-0.35523224726041225,-0.37460835269459536,-0.5439348138497713,1,7,-0.09523348738536674,-0.22748124398512592,-0.41118247351941367
3,4,2,2,2,3,261,-0.4087590864297038,-0.437099217898012,0.9568135171947112,1,22,-0.09523348738536674,0.7790010644786816,0.8804902181646086
2,5,4,4,3,3,51,-0.1847696367135796,-0.18125147355443785,0.23906431539082826,0,21,-0.7124875722905225,-1.1653945180564487,-0.7378123495774422
4,5,7,6,6,0,137,-0.21982520862546975,-0.21174584117584122,-0.5439348138497713,2,56,-0.5655223139797712,1.1333263765522894,0.9398774683569774
4,5,7,6,6,0,156,-0.007264695365999736,0.014138363427146491,-0.8701844510333544,1,38,-1.182776398884927,1.9285882799827776,-0.010318534720923984
0,2,0,0,0,0,156,-0.007264695365999736,0.014138363427146491,1.6093127915618775,0,18,0.16930397757398574,-0.28099853912072364,0.7617157177798709
2,1,6,8,8,1,34,-0.3168593485009323,-0.3348527326844695,-0.8701844510333544,0,58,-0.15401959070966728,1.7056326206135808,0.03422190292335264
1,0,5,7,7,1,199,-0.3683245063077822,-0.38456984611758716,-1.0006843059067878,2,71,0.13991092591183546,0.24265175308661988,-0.3369484107789526
2,5,4,4,3,4,206,-0.2822836707818817,-0.2806405235797525,1.0220634446314278,1,18,-0.15401959070966728,0.5112728586758634,-1.6731615401072515
2,1,6,8,8,1,44,-0.28668658352201143,-0.3057114114486381,-1.0006843059067878,2,66,-1.0358111405741754,0.3695427338464202,0.10845596566381369
0,2,0,0,0,0,146,-0.07188501097365,0.0015950135455426394,1.1525632995048611,0,8,-1.2709555538713777,-0.44398818267458323,0.7765625303279631
3,4,2,2,2,2,175,0.0038078148212154265,0.010752359200147756,0.9568135171947112,0,48,0.9629163724520431,-0.19751949559618168,-0.44087609861559807
2,5,4,4,3,4,80,-0.28126331322623255,-0.2840310454908433,1.0873133720681445,2,6,1.4332051990464476,1.1873113810998241,-1.6434679150110671
0,3,3,1,1,1,25,-0.36027113628522744,-0.38477540074377586,-0.8701844510333544,0,0,-1.182776398884927,-0.05705076887772059,1.5337499702806658
3,4,2,2,2,3,57,-0.40382036949368527,-0.4302007142894367,-0.5439348138497713,0,50,0.49262754585763874,0.9435497394056649,0.8507965930684241
0,3,3,1,1,4,88,-0.022537444532291045,-0.0005666982925079389,0.5653139525744114,0,41,-1.623672173817181,-0.7503236744809415,2.1276224722043544
3,4,2,2,2,2,97,-0.10428485774069997,-0.09654263798627143,1.0220634446314278,2,7,-0.21280569403396785,0.03504546623645157,0.8953370307127008
0,3,3,1,1,1,28,-0.35831195659504267,-0.3823200394397414,-0.2829351041029048,1,39,1.491991302370748,-0.16477983676058028,1.5189031577325736
2,5,8,3,5,3,69,-0.29492864980485745,-0.29713007051577056,-1.1964340882169375,2,34,-1.2415625022092274,0.25615863398286576,0.55386034210658
1,0,5,7,7,3,230,1.2372430512580064,1.1568120127261425,-0.15243524922947152,1,68,1.4625982507085977,0.5112728586758634,0.46477946681802673
2,5,8,3,5,3,54,-0.283371586257882,-0.2695880094485283,1.0220634446314278,0,73,-0.8006667272769733,-1.0946711857665565,-0.05485897236520061
2,5,8,3,5,3,72,-0.298057280392156,-0.29103119699148994,-1.2616840156536542,1,30,-0.6830945206283722,-0.7217792273402918,-0.14393984765375387
2,1,6,8,8,1,9,-0.3431719936859934,-0.36150932766966815,-0.5439348138497713,2,13,1.2862399407356961,-0.7019370098641697,1.2665073444150061
2,1,6,8,8,1,24,-0.33824026550035596,-0.3578951803960203,-0.5439348138497713,2,26,0.022338719263234358,0.8400867482801714,0.7765625303279631
0,3,3,1,1,4,17,-0.24508721166989672,-0.22642831447503542,0.108564460517395,2,66,0.7277719591548409,-0.3547548960819658,-0.1736334727499383
4,5,7,6,6,0,167,0.05183916660745621,0.1487043606352844,-0.5439348138497713,0,9,0.08112482258753491,-0.05458466470568827,-0.010318534720923984
2,1,6,8,8,1,26,-0.3432721657747899,-0.36444356348746093,-0.5439348138497713,2,10,0.198697029236136,-0.10366580693412442,1.4446690949921126
2,5,4,4,3,4,207,-0.2843337042270214,-0.28289936562578233,1.0873133720681445,2,45,-0.5655223139797712,-1.0690747252223591,-1.6583147275591592
1,0,5,7,7,1,249,-0.37403198578572816,-0.3886176910640727,0.17381438795411164,0,21,-0.007054332398915915,-0.6934332023744031,-0.08455259746138503
1,0,5,7,7,3,259,-0.41392610254484025,-0.44149492451958605,0.9568135171947112,2,30,1.3156329923978465,-1.0082299826330792,-0.06970578491329282
4,5,7,6,6,0,148,-0.07750629586356164,-0.07584938600259174,-0.5439348138497713,2,53,-0.5655223139797712,-0.7884065590226129,0.18269002840427473
2,5,4,4,3,3,55,-0.1568798635258371,-0.08615422341658002,1.9355624287454605,2,4,0.4338414425333382,-0.6225681399596815,-1.6137742899148826
0,3,3,1,1,3,204,1.2372430512580064,1.1568120127261425,1.8703125013087438,0,28,-1.2709555538713777,0.24265175308661988,1.5040563451844815
1,0,5,7,7,1,25,-0.36027113628522744,-0.38477540074377586,-1.0006843059067878,1,48,0.6689858558305404,-0.3674539152666839,-0.27756116058658376
0,3,3,1,1,1,32,-0.3626682776659647,-0.38002957360506706,0.3695641702642615,2,47,0.6983789074926907,-0.6381584536909203,1.5189031577325736
0,3,3,1,1,1,249,-0.37403198578572816,-0.3886176910640727,0.9568135171947112,2,25,-0.8594528306012739,-0.19876672069468077,1.7861457835982333
0,2,0,0,0,3,58,1.2372430512580064,1.1568120127261425,-0.4786848864130547,2,3,-1.3885277605199788,2.74350815172711,1.3258945946073748
0,3,3,1,1,1,11,-0.3692796355265405,-0.3888413164266296,0.3043142428275449,0,42,-0.8888458822634241,2.0572650603154288,1.7861457835982333
2,5,4,4,3,3,51,-0.2095866893170728,-0.15866305309413908,1.9355624287454605,2,39,0.7865580624791415,-0.560589556371766,-1.3168380389530385
2,5,1,5,4,4,19,0.18995551080682774,0.26542324683774027,-0.41343495897633803,1,49,0.9923094241141934,-1.1299619868490878,-1.3465316640492229
0,2,0,0,0,0,161,-0.004455217712774104,0.0581857833247291,0.3695641702642615,1,19,-1.0064180889120253,-1.119502303636675,0.7320220926836865
4,5,7,6,6,0,111,-0.17698649837242958,-0.11350880059400181,-1.1311841607802209,1,68,0.08112482258753491,-0.11233969057368634,0.19753684095236695
2,5,1,5,4,4,18,-0.1340942076998006,-0.06853299661550094,0.17381438795411164,2,39,0.7277719591548409,-0.058099571801458486,-1.4207657267896838
0,3,3,1,1,4,209,-0.159172173650857,-0.12478268124573695,0.5000640251376948,2,68,0.3456622875468874,-1.0408279113438512,-0.5151101613560591
2,5,4,4,3,4,190,-0.27220356314879096,-0.2795133613987836,0.3043142428275449,1,9,0.7277719591548409,-0.3547548960819658,-1.6880083526553438
1,0,5,7,7,3,236,-0.41244681704749503,-0.44115835705472767,-0.8701844510333544,1,32,-0.8300597789391236,-0.7571975855351696,0.4499326542699345
3,4,2,2,2,2,173,0.008699940088026253,0.022046569430297144,-1.0006843059067878,2,70,-0.2715917973582684,0.2703316464658101,0.9250306558088852
2,5,8,3,5,3,68,-0.2275128340447439,-0.2137787990172681,0.23906431539082826,2,30,-0.9182389339255744,-0.37741754304219377,-0.06970578491329282
1,0,5,7,7,3,220,-0.36165024969377596,-0.37551188951300735,0.9568135171947112,1,54,-0.21280569403396785,0.6175704522979457,-0.09939941000947725
2,1,6,8,8,1,245,-0.32521323478987685,-0.3334974274568516,-0.935434378470071,2,57,0.49262754585763874,1.6665434521856197,0.03422190292335264
3,4,2,2,2,2,92,-0.352618454617859,-0.3395940421390862,1.9355624287454605,1,69,1.2862399407356961,0.5112728586758634,-0.5299569739041513
2,5,1,5,4,0,108,-0.2173162472386339,-0.23139776697630116,-0.3481850315396214,2,24,-1.3297416571956782,-0.013128603193076157,0.7765625303279631
0,3,3,1,1,1,200,-0.36114473008287223,-0.38456984611758716,-0.935434378470071,2,30,-1.4179208121821292,-0.275031700865404,1.5337499702806658
2,5,1,5,4,0,122,-0.31671025515946755,-0.31791141733924544,-0.5439348138497713,1,69,-0.44795010733117,0.033727376075537656,-1.7473956028477124
2,5,1,5,4,4,209,-0.159172173650857,-0.12478268124573695,0.17381438795411164,0,21,-0.5067362106554706,-0.18178745174011346,-1.4059189142415918
1,0,5,7,7,3,226,-0.4006125330687336,-0.423424188151347,-0.5439348138497713,1,31,-0.8006667272769733,-0.735952239823236,-0.025165347269016192
2,1,6,8,8,1,77,-0.33373718067142966,-0.3384691388001634,-0.8701844510333544,1,58,-0.8594528306012739,-0.44398818267458323,0.049068715471444854
2,5,8,3,5,3,50,-0.28751591523390885,-0.2942161642763921,-1.1964340882169375,1,59,-0.5655223139797712,-0.5233570525790714,-0.2181739103942149
4,5,7,6,6,0,157,-0.020692414431665283,0.009101145664499927,1.0873133720681445,2,6,-0.35977095234471923,-0.7503236744809415,0.004528277827168225
4,5,7,6,6,0,139,-0.21106597481441797,-0.18012431137346896,0.23906431539082826,1,57,0.25748313256043653,-0.14777222178104713,0.47962627936611896
4,5,7,6,6,0,150,-0.1504362356744091,-0.08211089615418651,1.9355624287454605,2,68,-0.44795010733117,-0.7571975855351696,0.19753684095236695
2,5,8,3,5,3,71,-0.3040885719710957,-0.3054877860860811,-1.1311841607802209,0,2,-1.0945972438984761,-0.013128603193076157,0.6874816550394098
2,5,8,3,5,3,72,-0.2713555947692104,-0.2804146393751495,-0.8701844510333544,0,49,-0.35977095234471923,-0.594222114993793,-0.010318534720923984
0,2,0,0,0,2,242,0.2998978726362897,0.36064699213017576,1.9355624287454605,1,64,-1.53549301883073,-0.4524919901643498,0.7023284675875021
3,4,2,2,2,3,219,-0.4049385695546706,-0.43220882486835727,-1.1311841607802209,1,26,0.7571650108169912,3.0608560742327153,0.8062561554241475
2,1,6,8,8,1,201,-0.3651050219655285,-0.38456984611758716,1.0873133720681445,0,70,-1.5942791221550308,-0.8578259741640741,-0.3369484107789526
2,5,4,4,3,4,183,-0.2468134330140428,-0.2603109451654836,0.23906431539082826,0,65,0.9041302691277426,1.2185203545872674,-1.3019912264049462
2,5,1,5,4,0,8,-0.2704027951339126,-0.2655062818713523,-0.5439348138497713,0,43,-1.50609996716858,-0.22430648918894638,-1.3019912264049462
1,0,5,7,7,3,223,-0.3855098434950505,-0.4120825422382311,-0.5439348138497713,0,60,-0.06584043572321646,0.2703316464658101,-0.06970578491329282
3,4,2,2,2,2,52,2.664425084928189,2.9357269246042366,-0.41343495897633803,2,49,-1.300348605533528,-1.1299619868490878,-0.4557229111636903
3,4,2,2,2,2,93,-0.3092882022546774,-0.31903857952021436,0.23906431539082826,2,47,-0.06584043572321646,0.31993719015611516,-0.41118247351941367
3,1,6,8,8,1,118,-0.2763898246271048,-0.27390917428258343,-1.0006843059067878,2,68,-0.5361292623176208,-0.2767324623633574,0.019375090375260435
4,5,7,6,6,0,142,-0.24075884560049934,-0.22406330685284212,-1.0659342333435042,2,51,-1.0652041922363258,0.5112728586758634,0.6429412173951332
3,4,2,2,2,2,254,0.5454359693609855,0.5065681883037059,0.23906431539082826,2,21,0.7277719591548409,1.4325328430797266,-0.05485897236520061
2,1,6,8,8,1,13,-0.35529747559730307,-0.3658011275571249,-0.5439348138497713,2,46,0.8453441658034421,-1.1216140824966336,1.4595159075402047
1,0,5,7,7,3,91,1.2372430512580064,1.1568120127261425,-0.15243524922947152,0,66,-1.6824582771414816,-0.594222114993793,-0.1884802852980305
0,2,0,0,0,0,152,-0.024624751312797007,-0.023132530332346437,1.8703125013087438,0,69,-0.06584043572321646,-0.55170307754496,0.7914093428760554
4,5,7,6,6,0,154,0.046464817564345416,0.11278199557727131,-0.5439348138497713,2,19,0.49262754585763874,-1.0335855019650666,0.019375090375260435
1,0,5,7,7,3,235,1.2372430512580064,1.1568120127261425,0.17381438795411164,0,62,-0.6537014689662219,-0.6197477104755756,-0.1736334727499383
0,3,3,1,1,3,205,1.2372430512580064,1.1568120127261425,-0.2829351041029048,1,40,1.6389565606814995,4.676735400425679,1.5040563451844815
2,5,4,4,3,4,61,-0.2676958191529439,-0.2693463133496031,0.23906431539082826,0,42,1.6977426640058,1.9285882799827776,-1.7473956028477124
1,0,5,7,7,1,197,-0.366374644951439,-0.38681061742724876,-0.8701844510333544,2,33,1.6389565606814995,-0.5607029404716296,-0.14393984765375387
0,2,0,0,0,3,260,1.2372430512580064,1.1568120127261425,-0.6744346687232046,2,39,1.6977426640058,-0.3759577227564505,0.910183843260793
2,1,6,8,8,1,48,-0.35718443820021584,-0.3757377737176103,1.9355624287454605,0,69,-0.09523348738536674,-0.6877781703937083,-0.39633566097132145
2,5,8,3,5,3,51,-0.2890907136531299,-0.30639132290449306,-1.1311841607802209,1,41,-1.50609996716858,1.29930652574005,0.46477946681802673
2,5,4,4,3,4,81,-0.28341817792708973,-0.2659603091226043,0.23906431539082826,2,34,0.08112482258753491,-0.17753554799523016,-1.7473956028477124
2,1,6,8,8,1,198,-0.3623491247318918,-0.37777073155903723,-0.08718532179275489,1,69,0.6101997525062398,1.3049615577207447,-0.3814888484232292
2,5,1,5,4,0,104,-0.2993432104622891,-0.3113494811955287,-0.5439348138497713,2,7,0.7865580624791415,0.8655839977369882,-1.791936040491989
2,5,1,5,4,0,132,-0.2666009149265624,-0.2490167349353342,-0.8701844510333544,2,15,0.5808067008440896,-0.765729739049902,-1.3168380389530385
4,5,7,6,6,0,143,-0.17953273309463164,-0.15872178298733586,-1.0006843059067878,0,62,0.6983789074926907,-0.9888413015564113,0.8062561554241475
3,4,2,2,2,3,233,1.2372430512580064,1.1568120127261425,1.9355624287454605,0,29,1.0510955274384939,1.9285882799827776,0.7320220926836865
2,1,6,8,8,1,84,-0.3561337960595816,-0.3619588372368281,-0.5439348138497713,2,43,-0.977025037249875,-1.1299619868490878,1.0734987812898074
0,2,0,0,0,3,233,1.2372430512580064,1.1568120127261425,-0.2829351041029048,2,33,-0.2421987456961181,-1.0335855019650666,1.2665073444150061
4,5,7,6,6,0,151,-0.10425457315571492,-0.08186242352912325,-0.5439348138497713,1,68,-0.6537014689662219,-0.27107743038266263,0.19753684095236695
0,2,0,0,0,2,253,0.1135311958054011,0.12346857729703864,1.0220634446314278,0,30,0.8159511141412917,-0.2379267541850559,0.06391552801953707
1,0,5,7,7,1,65,-0.3662185628595931,-0.3881636638128207,-1.0659342333435042,1,47,0.8747372174655923,-0.09958397933903645,-0.26271434803849153
1,0,5,7,7,3,231,1.2372430512580064,1.1568120127261425,1.9355624287454605,2,58,-1.182776398884927,-1.10729933988886,-0.06970578491329282
3,4,2,2,2,2,87,0.2719428711116564,0.2641944367647,1.0873133720681445,0,69,-1.4179208121821292,-0.2739120328792515,0.910183843260793
2,5,8,3,5,3,69,-0.2877977948326156,-0.2950971126743437,-1.1964340882169375,2,64,1.4332051990464476,-0.19029125922988005,0.019375090375260435
0,3,3,1,1,1,197,-0.366374644951439,-0.38681061742724876,-1.0659342333435042,2,73,-0.41855705566901974,-0.5233570525790714,1.2813541569630982
2,5,8,3,5,3,73,-0.2772634184247496,-0.27160515539563296,1.0220634446314278,1,59,1.6683496123436496,-0.2880850453621958,-0.025165347269016192
2,5,1,5,4,0,103,-0.31466488088124855,-0.3120474633877519,-0.5439348138497713,0,7,0.49262754585763874,-0.594222114993793,-1.777089227943897
2,5,8,3,5,3,55,-0.2870802831268166,-0.2688945449403971,-0.8701844510333544,1,1,0.49262754585763874,-0.3547548960819658,-0.05485897236520061
2,5,4,4,3,3,50,-0.17331973400578185,-0.16656900025524365,0.23906431539082826,1,39,-0.35977095234471923,-0.21580268169917982,-1.0347486005392865
4,5,7,6,6,0,161,-0.004455217712774104,0.0581857833247291,0.23906431539082826,0,23,0.8159511141412917,-0.058099571801458486,0.39054540407756566
2,5,1,5,4,0,121,-0.2975307945301087,-0.31633022790702453,-0.5439348138497713,1,69,-1.300348605533528,-0.5970708905028647,-1.7622424153958047
3,4,2,2,2,2,244,-0.28599236765081637,-0.2953207380369007,1.9355624287454605,1,49,0.2868761842225868,-0.05458466470568827,1.0438051561936228
4,5,7,6,6,0,160,-0.07300787020155608,-0.0017864729973640933,-1.0006843059067878,0,27,-1.6530652254793312,-0.020229282447031243,0.004528277827168225
2,5,8,3,5,3,69,-0.2781579784735379,-0.2930641548329168,-1.1964340882169375,1,1,0.522020597519789,-0.9754761507849949,0.16784321585618253
4,5,7,6,6,0,123,-0.20922793346417334,-0.22191063038297565,-1.1964340882169375,2,16,0.46323449419548846,0.893901676677911,0.4499326542699345
0,3,3,1,1,1,199,-0.3683245063077822,-0.38456984611758716,-1.0659342333435042,1,5,-1.53549301883073,-0.19751949559618168,1.5337499702806658
0,2,0,0,0,0,134,0.029708123733788186,0.044634989890595916,-0.6091847412864879,0,35,0.6395928041683901,0.332692901390765,0.7468689052317787
2,1,6,8,8,1,32,-0.3626682776659647,-0.38002957360506706,0.3043142428275449,2,52,-0.4773431589933203,-0.19029125922988005,-0.3814888484232292
3,4,2,2,2,3,258,-0.3491333977611214,-0.3520989917059077,-0.08718532179275489,1,10,1.0804885791006442,-0.3674539152666839,0.8656434056165164
0,2,0,0,0,3,2,1.2372430512580064,1.1568120127261425,-0.5439348138497713,1,30,-0.2715917973582684,-1.1044505643797882,1.3258945946073748
1,0,5,7,7,1,246,-0.3665307270432849,-0.3890649417891866,0.9568135171947112,2,5,-0.8300597789391236,-0.09816667809074202,-0.06970578491329282
2,1,6,8,8,1,12,-0.3503261444928391,-0.37133303172785204,1.9355624287454605,2,22,0.37505533920903766,-1.050749020081912,1.8900734714348788
2,1,6,8,8,1,39,-0.36609509493619263,-0.37551188951300735,-0.5439348138497713,2,7,0.13991092591183546,3.3359259005016986,-0.39633566097132145
3,4,2,2,2,2,252,0.2197602015990076,0.22443881675457417,-1.2616840156536542,1,71,-0.8888458822634241,1.5157709453920587,-0.5151101613560591
0,3,3,1,1,1,11,-0.36974788180207807,-0.38409548928792087,1.9355624287454605,0,21,1.2568468890735458,0.5112728586758634,1.5189031577325736
1,0,5,7,7,3,119,1.2372430512580064,1.1568120127261425,1.9355624287454605,2,68,0.08112482258753491,0.8655839977369882,0.46477946681802673
0,3,3,1,1,4,6,-0.20412614568592777,-0.17707035692723655,1.8050625738720272,0,68,1.6977426640058,-0.03864002566237592,-0.5002633488079669
0,3,3,1,1,1,201,-0.3651050219655285,-0.38456984611758716,1.2830631543782944,2,21,-0.5949153656419214,-0.4105398732148346,1.5337499702806658
3,4,2,2,2,2,176,0.544504135976831,0.5302860297870196,0.17381438795411164,2,40,1.1980607857492453,3.0608560742327153,-0.41118247351941367
3,4,2,2,2,3,205,1.2372430512580064,1.1568120127261425,-0.7396845961599212,2,24,0.8159511141412917,-0.17753554799523016,-0.6338846617407968
2,1,6,8,8,1,195,-0.3516982691510065,-0.3619588372368281,-0.5439348138497713,1,74,1.5507774056950485,-1.0620732570557847,1.0883455938378994
2,5,8,3,5,3,69,-0.27839326640303685,-0.2950971126743437,-1.1964340882169375,2,65,-1.623672173817181,1.1333263765522894,-0.2181739103942149
4,5,7,6,6,0,98,-0.23876705174186919,-0.22552703649866948,-0.5439348138497713,0,29,-0.30098484902041867,0.6530029835053065,2.1424692847524462
2,1,6,8,8,1,67,-0.3634347106244317,-0.3816830459827609,1.9355624287454605,2,51,0.46323449419548846,-0.19751949559618168,-0.3814888484232292
2,1,6,8,8,1,43,-0.32235949505090383,-0.3433233903570816,-0.8701844510333544,2,51,-0.7418806239526727,-0.6183162362147983,0.1381495907599981
3,4,2,2,2,2,178,0.5687318039648466,0.5302860297870196,0.23906431539082826,1,21,-0.30098484902041867,-0.8096519047345464,-0.3369484107789526
1,0,5,7,7,3,257,1.2372430512580064,1.1568120127261425,1.9355624287454605,0,57,-0.2715917973582684,-0.9957435586356054,-0.1587866602018461
2,5,4,4,3,4,79,-0.2619161225877259,-0.2749956773067238,0.23906431539082826,2,41,-1.5942791221550308,-1.0633488281792496,-1.7028551652034358
2,5,1,5,4,0,102,-0.2559057972599298,-0.27182878075818995,0.17381438795411164,0,50,-0.6243084173040717,-0.2880850453621958,-1.3019912264049462
4,5,7,6,6,0,165,0.1196510115558354,0.17451388985322183,1.9355624287454605,2,46,1.0217024757763438,-0.4524919901643498,-0.010318534720923984
2,5,1,5,4,0,109,-0.23756265709284957,-0.2512981654018244,-0.8701844510333544,2,12,-1.50609996716858,-0.25405564239064654,-1.3019912264049462
2,5,1,5,4,4,88,-0.022537444532291045,-0.0005666982925079389,-0.3481850315396214,0,47,-1.0064180889120253,-0.44398818267458323,-1.3168380389530385
2,1,6,8,8,1,41,-0.35487116182405243,-0.3655752433525219,-0.5439348138497713,0,46,-0.977025037249875,-0.7644399949139541,1.4595159075402047
4,5,7,6,6,0,138,-0.19837440412223445,-0.17018088868684544,1.0873133720681445,2,38,-1.2709555538713777,-0.565436726640933,0.8953370307127008
1,0,5,7,7,3,228,1.2372430512580064,1.1568120127261425,0.9568135171947112,2,16,0.4338414425333382,-1.0633488281792496,0.6429412173951332
2,5,4,4,3,4,186,-0.2619161225877259,-0.2548919830970579,0.23906431539082826,1,73,-0.9476319855877247,4.676735400425679,-1.717701977751528
0,2,0,0,0,0,147,-0.0835655424440259,-0.07350696680085873,1.2830631543782944,2,47,-0.41855705566901974,-0.275031700865404,0.8953370307127008
2,5,1,5,4,0,101,-0.2886923548814038,-0.2714357422421807,-1.0659342333435042,2,74,-0.5655223139797712,-1.1299619868490878,-1.3019912264049462
0,2,0,0,0,3,235,1.2372430512580064,1.1568120127261425,1.3483130818150109,1,5,0.6689858558305404,-0.7217792273402918,1.3110477820592827
1,0,5,7,7,3,224,1.2372430512580064,1.1568120127261425,0.9568135171947112,0,16,0.9629163724520431,-0.13814874630512797,-0.4854165362598747
1,0,5,7,7,3,232,-0.40803924514044454,-0.4333630931538785,-0.5439348138497713,1,61,-1.4473138638442793,-1.0408279113438512,-0.025165347269016192
4,5,7,6,6,0,146,-0.07188501097365,0.0015950135455426394,1.9355624287454605,2,69,1.5213843540328984,-0.16619713800887473,0.004528277827168225
0,2,0,0,0,2,269,0.17177078231505377,0.1575770921920898,1.0873133720681445,1,73,1.7859218189922508,0.015217421772812465,0.7914093428760554
2,5,4,4,3,4,17,-0.24508721166989672,-0.22642831447503542,0.17381438795411164,2,30,1.5801704573571989,-0.20304697046452994,-1.3168380389530385
3,4,2,2,2,3,268,-0.3973720824753365,-0.4184547356500813,-1.0006843059067878,2,12,-0.977025037249875,0.332692901390765,0.8211029679722398
2,5,8,3,5,3,69,-0.2950660952290203,-0.2991630283571975,-1.1964340882169375,1,42,-1.4473138638442793,0.7790010644786816,0.628094404847041
0,2,0,0,0,0,160,-0.07300787020155608,-0.0017864729973640933,-0.2829351041029048,1,45,-0.35977095234471923,-0.560589556371766,0.7765625303279631
0,3,3,1,1,4,208,-0.23612763368125173,-0.23774511312564514,0.3043142428275449,0,63,0.9923094241141934,-0.7884065590226129,-0.8565868499621799
2,5,8,3,5,3,177,-0.2571264989931721,-0.25736089745336854,-0.8701844510333544,1,0,-0.6537014689662219,0.5183451919048526,-0.06970578491329282
3,4,2,2,2,2,70,17.145115874688234,17.207316855625606,0.23906431539082826,0,39,1.7565287673301004,1.7372384384505462,-0.39633566097132145
0,3,3,1,1,4,215,-0.0490248084768811,0.0028712593015494895,1.2178132269415778,1,2,-0.6243084173040717,-0.765729739049902,2.1276224722043544
0,2,0,0,0,2,0,0.7425187301096502,1.1266203299389073,0.9568135171947112,2,46,1.2862399407356961,-0.12651270305663065,0.7171752801355943
1,0,5,7,7,3,217,-0.41280790248385485,-0.43988888782485885,0.9568135171947112,0,27,-0.5655223139797712,-0.7787547375217277,-0.025165347269016192
2,5,1,5,4,0,155,-0.2868869276996046,-0.29170884960529886,1.9355624287454605,0,23,-0.18341264237181756,-0.7106959315786293,-1.287144413856854
2,5,1,5,4,0,110,-0.27777359720257416,-0.2654204458736032,-1.0006843059067878,0,13,-0.8300597789391236,-0.560589556371766,-1.3019912264049462
2,5,8,3,5,3,170,-0.3118088115588152,-0.306840832471653,-1.0659342333435042,0,32,-0.44795010733117,-0.6877781703937083,-0.26271434803849153
2,1,6,8,8,1,29,-0.3267787148752563,-0.3422368873329412,-0.8701844510333544,1,16,1.6683496123436496,0.8655839977369882,0.1381495907599981
0,3,3,1,1,4,185,-0.24919892647747816,-0.2571508251430878,1.2830631543782944,0,57,-0.21280569403396785,0.015217421772812465,-0.08455259746138503
2,1,6,8,8,1,85,-0.33019854339510313,-0.3393704167765293,-0.8701844510333544,2,56,1.1098816307627946,-0.11233969057368634,0.06391552801953707
2,5,8,3,5,3,170,-0.29019027704643213,-0.3046949325279246,-1.1964340882169375,2,17,-0.6830945206283722,-0.25405564239064654,0.6726348424913177
2,5,1,5,4,0,100,-0.30362265527901844,-0.3032266851980052,-0.5439348138497713,2,22,-1.300348605533528,-0.21580268169917982,-1.227757163664485
2,5,1,5,4,0,99,-0.2504242873776413,-0.25082154973011206,1.0220634446314278,2,26,0.7277719591548409,-0.309401256136544,-1.3168380389530385
0,2,0,0,0,3,229,1.2372430512580064,1.1568120127261425,0.6958138074478447,2,21,-0.21280569403396785,-0.5607029404716296,0.9695710934531618
1,0,5,7,7,1,83,-0.3692796355265405,-0.3888413164266296,0.17381438795411164,1,21,-0.18341264237181756,0.8216618320523438,-0.08455259746138503
1,0,5,7,7,3,260,1.2372430512580064,1.1568120127261425,1.9355624287454605,2,68,0.16930397757398574,-1.0619315269309553,0.46477946681802673
4,5,7,6,6,0,169,-0.06453750473959222,-0.05565759695313065,-0.7396845961599212,2,55,0.8747372174655923,-0.22430648918894638,0.19753684095236695
0,2,0,0,0,2,96,-0.3453967458906621,-0.37776847271699115,1.0220634446314278,0,0,0.7277719591548409,-0.22855839293382968,0.5093199044623034
2,5,8,3,5,3,51,-0.28356494168509405,-0.29441494237644267,-1.1964340882169375,0,64,-1.6824582771414816,0.0747582472136615,-0.2181739103942149
3,4,2,2,2,3,237,-0.4093647781294042,-0.4369365812706978,-0.5439348138497713,2,74,1.4332051990464476,-0.21580268169917982,0.835949780520332
2,1,6,8,8,1,251,-0.32637802652006986,-0.34388810086858906,-0.8701844510333544,0,38,-0.21280569403396785,3.4238269239209194,-0.5151101613560591
3,4,2,2,2,2,243,-0.31394736917544963,-0.2944172012184887,0.23906431539082826,2,67,-1.2709555538713777,-1.0750699095026446,0.910183843260793
0,2,0,0,0,3,91,1.2372430512580064,1.1568120127261425,0.043314533080678376,2,21,1.1392746824249447,0.23346764099767192,0.9695710934531618
1,0,5,7,7,3,2,1.2372430512580064,1.1568120127261425,-0.41343495897633803,1,63,-0.5067362106554706,-0.03864002566237592,-0.1587866602018461
3,4,2,2,2,2,180,0.5584816367391476,0.5732040286615873,0.23906431539082826,0,21,0.13991092591183546,0.22781260901697714,-0.3369484107789526
2,5,8,3,5,3,72,-0.2982762612374323,-0.288998239150063,-1.2616840156536542,0,39,1.168667734087095,0.033727376075537656,-0.1884802852980305
2,5,4,4,3,3,50,-0.18873924693007751,-0.18125147355443785,-0.5439348138497713,2,21,-1.300348605533528,-0.16052793301569698,-0.7378123495774422
2,5,8,3,5,3,50,-0.27864719100021895,-0.289675891763872,-1.2616840156536542,2,21,0.5514136491819392,0.5807347928547734,-0.1736334727499383
0,3,3,1,1,3,56,1.2372430512580064,1.1568120127261425,-0.4786848864130547,2,47,1.3156329923978465,1.29930652574005,1.5040563451844815
2,5,4,4,3,4,270,-0.2870593168756732,-0.2669474230967193,0.23906431539082826,2,25,-0.7124875722905225,-0.2379267541850559,-1.7473956028477124
0,3,3,1,1,1,40,-0.3621464509708382,-0.3874814935149197,1.4135630092517275,2,59,-0.9182389339255744,-0.7827090080044693,1.3704350322516514
2,5,1,5,4,4,5,-0.25757377901756623,-0.22642831447503542,0.17381438795411164,1,5,0.4338414425333382,-0.9770493551706018,-1.3465316640492229
0,2,0,0,0,0,125,-0.03277829342414838,-0.022068615728666356,1.1525632995048611,2,6,-0.8594528306012739,-0.275031700865404,0.7914093428760554
2,1,6,8,8,1,193,-0.3666425470493834,-0.37600431707904186,1.9355624287454605,1,69,0.2868761842225868,0.5112728586758634,-0.39633566097132145
2,5,4,4,3,3,75,-0.1123778306820813,-0.1123567911505266,1.9355624287454605,2,60,-0.6830945206283722,-1.0335855019650666,-1.5989274773667903
0,3,3,1,1,4,183,-0.2468134330140428,-0.2603109451654836,-0.021935394356038255,0,58,-1.6824582771414816,-0.3680208357660017,-0.47056972371178246
4,5,7,6,6,0,105,-0.07366714232084534,-0.04437016324911934,-0.8701844510333544,2,54,0.7865580624791415,-0.05705076887772059,-0.0400121598171084
2,1,6,8,8,1,10,-0.33729212503197886,-0.3393704167765293,-0.8701844510333544,0,16,1.0804885791006442,-0.5970708905028647,0.10845596566381369
2,5,1,5,4,4,212,0.42083586839877407,0.4826244626157892,-0.41343495897633803,2,71,0.4338414425333382,-0.6813861417639004,-1.8364764781362657
2,5,4,4,3,4,78,-0.29376851724158515,-0.2783816815337226,0.3043142428275449,2,46,1.4038121473842973,-0.32640887111607714,-1.7028551652034358
3,4,2,2,2,3,56,1.2372430512580064,1.1568120127261425,-0.935434378470071,0,20,1.0510955274384939,1.503383732481965,0.8062561554241475
0,2,0,0,0,3,257,1.2372430512580064,1.1568120127261425,0.7610637348845614,0,1,-0.35977095234471923,0.893901676677911,1.3258945946073748
2,5,4,4,3,4,49,-0.2886690590468,-0.27160515539563296,0.23906431539082826,2,11,-0.7712736756148231,0.893901676677911,-1.7325487902996204
