OrderItemQuantity
1.1392746824249447
-0.30098484902041867
-0.35977095234471923
-0.2715917973582684
0.2868761842225868
-0.2715917973582684
-1.3297416571956782
1.4038121473842973
-1.2709555538713777
0.25748313256043653
0.8747372174655923
-1.3591347088578285
-1.623672173817181
-1.5942791221550308
1.4038121473842973
1.168667734087095
-0.18341264237181756
-0.5361292623176208
-1.300348605533528
1.1980607857492453
-0.9476319855877247
1.4625982507085977
1.7565287673301004
0.8453441658034421
-0.21280569403396785
1.4332051990464476
-0.41855705566901974
-0.33037790068256895
-0.21280569403396785
1.0804885791006442
-0.5655223139797712
1.6095635090193492
-0.5361292623176208
1.4625982507085977
-1.1239902955606262
0.022338719263234358
-0.41855705566901974
0.9335233207898929
1.7565287673301004
-0.41855705566901974
0.25748313256043653
0.9923094241141934
1.6389565606814995
0.25748313256043653
0.6395928041683901
0.25748313256043653
-0.036447384061066186
0.08112482258753491
0.9335233207898929
1.2862399407356961
1.5801704573571989
0.22809008089828628
-0.8888458822634241
-1.1533833472227766
-1.4767069155064296
-0.6537014689662219
1.5801704573571989
-0.5655223139797712
1.6095635090193492
-0.18341264237181756
0.7865580624791415
-1.300348605533528
-0.2715917973582684
0.6689858558305404
-0.06584043572321646
1.2274538374113957
1.7859218189922508
-1.300348605533528
-0.18341264237181756
-1.53549301883073
1.1098816307627946
-0.18341264237181756
-0.06584043572321646
-1.0945972438984761
-0.9182389339255744
1.3156329923978465
1.2862399407356961
0.3456622875468874
-0.9182389339255744
1.9916731806273027
-0.007054332398915915
-0.007054332398915915
-0.7712736756148231
-1.3885277605199788
-0.5361292623176208
-0.8300597789391236
0.46323449419548846
-0.41855705566901974
1.3156329923978465
1.3156329923978465
1.6683496123436496
-0.4773431589933203
-1.2415625022092274
0.22809008089828628
0.9041302691277426
-1.4767069155064296
-0.4773431589933203
-1.2121694505470773
-1.1239902955606262
0.6395928041683901
-0.8594528306012739
-0.8006667272769733
-0.5655223139797712
-1.2415625022092274
-1.3591347088578285
-0.41855705566901974
1.2862399407356961
-0.8888458822634241
-0.8300597789391236
-1.0945972438984761
0.8159511141412917
-1.6530652254793312
-0.33037790068256895
-0.8300597789391236
-0.44795010733117
-1.1533833472227766
-0.12462653904751701
-0.15401959070966728
0.49262754585763874
-1.53549301883073
0.198697029236136
-0.7124875722905225
-0.2715917973582684
-0.09523348738536674
-0.09523348738536674
-0.7124875722905225
-0.5655223139797712
-1.182776398884927
0.16930397757398574
-0.15401959070966728
0.13991092591183546
-0.15401959070966728
-1.0358111405741754
-1.2709555538713777
0.9629163724520431
1.4332051990464476
-1.182776398884927
0.49262754585763874
-1.623672173817181
-0.21280569403396785
1.491991302370748
-1.2415625022092274
1.4625982507085977
-0.8006667272769733
-0.6830945206283722
1.2862399407356961
0.022338719263234358
0.7277719591548409
0.08112482258753491
0.198697029236136
-0.5655223139797712
-0.007054332398915915
1.3156329923978465
-0.5655223139797712
0.4338414425333382
-1.2709555538713777
0.6689858558305404
0.6983789074926907
-0.8594528306012739
-1.3885277605199788
-0.8888458822634241
0.7865580624791415
0.9923094241141934
-1.0064180889120253
0.08112482258753491
0.7277719591548409
0.3456622875468874
0.7277719591548409
-0.8300597789391236
-0.2715917973582684
-0.9182389339255744
-0.21280569403396785
0.49262754585763874
1.2862399407356961
-1.3297416571956782
-1.4179208121821292
-0.44795010733117
-0.5067362106554706
-0.8006667272769733
-0.8594528306012739
-0.5655223139797712
-0.35977095234471923
0.25748313256043653
-0.44795010733117
-1.0945972438984761
-0.35977095234471923
-1.53549301883073
0.7571650108169912
-1.5942791221550308
0.9041302691277426
-1.50609996716858
-0.06584043572321646
-1.300348605533528
-0.06584043572321646
-0.5361292623176208
-1.0652041922363258
0.7277719591548409
0.8453441658034421
-1.6824582771414816
-0.06584043572321646
0.49262754585763874
-0.6537014689662219
1.6389565606814995
1.6977426640058
1.6389565606814995
1.6977426640058
-0.09523348738536674
-1.50609996716858
0.08112482258753491
0.6101997525062398
0.7865580624791415
0.5808067008440896
0.6983789074926907
1.0510955274384939
-0.977025037249875
-0.2421987456961181
-0.6537014689662219
0.8159511141412917
0.8747372174655923
-1.182776398884927
-1.4179208121821292
1.4332051990464476
-0.41855705566901974
1.6683496123436496
0.49262754585763874
0.49262754585763874
-0.35977095234471923
0.8159511141412917
-1.300348605533528
0.2868761842225868
-1.6530652254793312
0.522020597519789
0.46323449419548846
-1.53549301883073
0.6395928041683901
-0.4773431589933203
1.0804885791006442
-0.2715917973582684
-0.8300597789391236
0.37505533920903766
0.13991092591183546
-0.8888458822634241
1.2568468890735458
0.08112482258753491
1.6977426640058
-0.5949153656419214
1.1980607857492453
0.8159511141412917
1.5507774056950485
-1.623672173817181
-0.30098484902041867
0.46323449419548846
-0.7418806239526727
-0.30098484902041867
-0.2715917973582684
-1.5942791221550308
-0.6243084173040717
1.0217024757763438
-1.50609996716858
-1.0064180889120253
-0.977025037249875
-1.2709555538713777
0.4338414425333382
-0.9476319855877247
-0.41855705566901974
-0.5655223139797712
0.6689858558305404
0.9629163724520431
-1.4473138638442793
1.5213843540328984
1.7859218189922508
1.5801704573571989
-0.977025037249875
-1.4473138638442793
-0.35977095234471923
0.9923094241141934
-0.6537014689662219
1.7565287673301004
-0.6243084173040717
1.2862399407356961
-0.5655223139797712
-0.18341264237181756
-0.8300597789391236
-0.44795010733117
1.6683496123436496
-0.21280569403396785
1.1098816307627946
-0.6830945206283722
-1.300348605533528
0.7277719591548409
-0.21280569403396785
-0.18341264237181756
0.16930397757398574
0.8747372174655923
0.7277719591548409
-1.6824582771414816
1.4332051990464476
-0.21280569403396785
-1.2709555538713777
1.1392746824249447
-0.5067362106554706
0.13991092591183546
1.168667734087095
-1.300348605533528
0.5514136491819392
1.3156329923978465
-0.7124875722905225
-0.9182389339255744
0.4338414425333382
-0.8594528306012739
0.2868761842225868
-0.6830945206283722
-1.6824582771414816
0.7865580624791415
1.0804885791006442
0.4338414425333382
1.4038121473842973
1.0510955274384939
-0.35977095234471923
-0.7712736756148231
